clc;
close all;
clear;
figure(1);
A=[0,0,0,0;
1,1,1,1;
0,0,0,0;
1,1,1,1;
0,0,0,0];
subplot(3,2,1);
imshow(A);
title("Horizontal Line");
B=[0,1,1,0,1,0,0,1;
0,1,0,1,1,0,1,0;
0,0,1,1,1,0,1,0;
0,1,0,1,1,0,1,0;
0,1,1,0,1,0,0,1];
subplot(3,2,2);
imshow(B);
title("Name initials");
C=[1,0,0,1,1,1,1,1,1,0,0,
1;
1,0,1,0,1,1,1,1,0,1,0,1;
1,0,1,1,0,1,1,0,1,1,0,1;
1,0,1,1,0,0,0,0,1,1,0,1;
1,0,0,0,0,0,0,0,0,0,0,1;
0,0,0,1,1,0,0,1,1,0,0,0;
0,0,0,0,0,0,0,0,0,0,0,0;
0,0,0,0,0,1,1,0,0,0,0,0;
1,0,0,0,0,0,0,0,0,0,0,1;
1,1,0,0,0,0,0,0,0,0,1,1;
1,1,1,1,0,0,0,0,1,1,1,1];
subplot(3,2,3);
imshow(C);
title("CAT");
D=[0,0,0.01,0.02,0.03,0.04,0.05,0.1,0.2;
0,0.01,0.02,0.03,0.04,0.05,0.1,0.2,0.3;
0.01,0.02,0.03,0.04,0.05,0.1,0.2,0.3,0.4;
0.02,0.03,0.04,0.05,0.1,0.2,0.3,0.4,0.5;
0.03,0.04,0.05,0.1,0.2,0.3,0.4,0.5,0.6;
0.04,0.05,0.1,0.2,0.3,0.4,0.5,0.6,0.7;
0.05,0.1,0.2,0.3,0.4,0.5,0.6,0.7,0.8;
0.1,0.2,0.3,0.4,0.5,0.6,0.7,0.8,0.9;
0.2,0.3,0.4,0.5,0.6,0.7,0.8,0.92,0.93];
subplot(3,2,4);
imshow(D);
title("grey scale");
E=[1,0,1,0,1,0,1,0;
0,1,0,1,0,1,0,1;
1,0,1,0,1,0,1,0;
0,1,0,1,0,1,0,1;
1,0,1,0,1,0,1,0;
0,1,0,1,0,1,0,1;
1,0,1,0,1,0,1,0
0,1,0,1,0,1,0,1;];
subplot(3,2,5);
imshow(E);
title("chess board");
F=[ 0,0,1,0,0;
0,0,1,0,0;
1,1,0,1,1;
0,0,1,0,0;
0,0,1,0,0 ];
subplot(3,2,6);
imshow(F);
title("flower");
